% the velocity is in [m/s]
velocity=[
    0
0
0
0
0
0
0
0
0
0
0
0
0
0
3.79965269520000
7.49931453000000
11.2989672252000
14.9986290600000
14.9986290600000
14.9986290600000
14.9986290600000
14.9986290600000
14.9986290600000
14.9986290600000
14.9986290600000
14.9986290600000
11.9989032480000
8.99917743600000
5.99945162400000
2.99972581200000
0
0
0
0
0
0
0
0
0
0
0
0
0
0
0
0
0
0
0
0
0
0
2.69975323080000
5.29951560120000
7.99926883200000
10.6990220628000
13.2987844332000
15.9985376640000
18.6982908948000
21.2980532652000
23.9978064960000
26.6975597268000
29.2973220972000
31.9970753280000
31.9970753280000
31.9970753280000
31.9970753280000
31.9970753280000
31.9970753280000
31.9970753280000
31.9970753280000
31.9970753280000
31.9970753280000
31.9970753280000
31.9970753280000
31.9970753280000
31.9970753280000
31.9970753280000
31.9970753280000
31.9970753280000
31.9970753280000
31.9970753280000
31.9970753280000
31.9970753280000
31.9970753280000
31.9970753280000
31.9970753280000
31.9970753280000
29.0973403764000
26.1976054248000
23.2978704732000
20.3981355216000
17.4984005700000
14.4986747580000
11.5989398064000
8.69920485480000
5.79946990320000
2.89973495160000
0
0
0
0
0
0
0
0
0
0
0
0
0
0
0
0
0
0
0
0
0
0
1.89982634760000
3.79965269520000
5.79946990320000
7.69929625080000
9.59912259840000
11.4989489460000
13.4987661540000
15.3985925016000
17.2984188492000
19.1982451968000
21.1980624048000
23.3978613336000
24.9977151000000
26.8975414476000
28.7973677952000
30.7971850032000
32.6970113508000
34.5968376984000
36.4966640460000
38.4964812540000
40.3963076016000
42.2961339492000
44.1959602968000
46.1957775048000
48.0956038524000
49.9954302000000
49.9954302000000
49.9954302000000
49.9954302000000
49.9954302000000
49.9954302000000
49.9954302000000
49.9954302000000
49.9954302000000
49.9954302000000
49.9954302000000
49.9954302000000
49.9954302000000
48.0956038524000
46.1957775048000
44.3959420176000
42.4961156700000
40.5962893224000
38.7964538352000
36.8966274876000
34.9968011400000
34.9968011400000
34.9968011400000
34.9968011400000
34.9968011400000
34.9968011400000
34.9968011400000
34.9968011400000
34.9968011400000
34.9968011400000
34.9968011400000
34.9968011400000
34.9968011400000
34.9968011400000
32.0970661884000
29.1973312368000
26.1976054248000
23.2978704732000
20.3981355216000
17.4984005700000
14.5986656184000
11.6989306668000
8.69920485480000
5.79946990320000
2.89973495160000
0
0
0
0
0
0
0
0
0
0
0
0
0
0
0
0
0
0
0
0
3.79965269520000
7.49931453000000
11.2989672252000
14.9986290600000
14.9986290600000
14.9986290600000
14.9986290600000
14.9986290600000
14.9986290600000
14.9986290600000
14.9986290600000
14.9986290600000
11.9989032480000
8.99917743600000
5.99945162400000
2.99972581200000
0
0
0
0
0
0
0
0
0
0
0
0
0
0
0
0
0
0
0
0
0
0
2.69975323080000
5.29951560120000
7.99926883200000
10.6990220628000
13.2987844332000
15.9985376640000
18.6982908948000
21.2980532652000
23.9978064960000
26.6975597268000
29.2973220972000
31.9970753280000
31.9970753280000
31.9970753280000
31.9970753280000
31.9970753280000
31.9970753280000
31.9970753280000
31.9970753280000
31.9970753280000
31.9970753280000
31.9970753280000
31.9970753280000
31.9970753280000
31.9970753280000
31.9970753280000
31.9970753280000
31.9970753280000
31.9970753280000
31.9970753280000
31.9970753280000
31.9970753280000
31.9970753280000
31.9970753280000
31.9970753280000
31.9970753280000
29.0973403764000
26.1976054248000
23.2978704732000
20.3981355216000
17.4984005700000
14.4986747580000
11.5989398064000
8.69920485480000
5.79946990320000
2.89973495160000
0
0
0
0
0
0
0
0
0
0
0
0
0
0
0
0
0
0
0
0
0
0
1.89982634760000
3.79965269520000
5.79946990320000
7.69929625080000
9.59912259840000
11.4989489460000
13.4987661540000
15.3985925016000
17.2984188492000
19.1982451968000
21.1980624048000
23.3978613336000
24.9977151000000
26.8975414476000
28.7973677952000
30.7971850032000
32.6970113508000
34.5968376984000
36.4966640460000
38.4964812540000
40.3963076016000
42.2961339492000
44.1959602968000
46.1957775048000
48.0956038524000
49.9954302000000
49.9954302000000
49.9954302000000
49.9954302000000
49.9954302000000
49.9954302000000
49.9954302000000
49.9954302000000
49.9954302000000
49.9954302000000
49.9954302000000
49.9954302000000
49.9954302000000
48.0956038524000
46.1957775048000
44.3959420176000
42.4961156700000
40.5962893224000
38.7964538352000
36.8966274876000
34.9968011400000
34.9968011400000
34.9968011400000
34.9968011400000
34.9968011400000
34.9968011400000
34.9968011400000
34.9968011400000
34.9968011400000
34.9968011400000
34.9968011400000
34.9968011400000
34.9968011400000
34.9968011400000
32.0970661884000
29.1973312368000
26.1976054248000
23.2978704732000
20.3981355216000
17.4984005700000
14.5986656184000
11.6989306668000
8.69920485480000
5.79946990320000
2.89973495160000
0
0
0
0
0
0
0
0
0
0
0
0
0
0
0
0
0
0
0
0
3.79965269520000
7.49931453000000
11.2989672252000
14.9986290600000
14.9986290600000
14.9986290600000
14.9986290600000
14.9986290600000
14.9986290600000
14.9986290600000
14.9986290600000
14.9986290600000
11.9989032480000
8.99917743600000
5.99945162400000
2.99972581200000
0
0
0
0
0
0
0
0
0
0
0
0
0
0
0
0
0
0
0
0
0
0
2.69975323080000
5.29951560120000
7.99926883200000
10.6990220628000
13.2987844332000
15.9985376640000
18.6982908948000
21.2980532652000
23.9978064960000
26.6975597268000
29.2973220972000
31.9970753280000
31.9970753280000
31.9970753280000
31.9970753280000
31.9970753280000
31.9970753280000
31.9970753280000
31.9970753280000
31.9970753280000
31.9970753280000
31.9970753280000
31.9970753280000
31.9970753280000
31.9970753280000
31.9970753280000
31.9970753280000
31.9970753280000
31.9970753280000
31.9970753280000
31.9970753280000
31.9970753280000
31.9970753280000
31.9970753280000
31.9970753280000
31.9970753280000
29.0973403764000
26.1976054248000
23.2978704732000
20.3981355216000
17.4984005700000
14.4986747580000
11.5989398064000
8.69920485480000
5.79946990320000
2.89973495160000
0
0
0
0
0
0
0
0
0
0
0
0
0
0
0
0
0
0
0
0
0
0
1.89982634760000
3.79965269520000
5.79946990320000
7.69929625080000
9.59912259840000
11.4989489460000
13.4987661540000
15.3985925016000
17.2984188492000
19.1982451968000
21.1980624048000
23.3978613336000
24.9977151000000
26.8975414476000
28.7973677952000
30.7971850032000
32.6970113508000
34.5968376984000
36.4966640460000
38.4964812540000
40.3963076016000
42.2961339492000
44.1959602968000
46.1957775048000
48.0956038524000
49.9954302000000
49.9954302000000
49.9954302000000
49.9954302000000
49.9954302000000
49.9954302000000
49.9954302000000
49.9954302000000
49.9954302000000
49.9954302000000
49.9954302000000
49.9954302000000
49.9954302000000
48.0956038524000
46.1957775048000
44.3959420176000
42.4961156700000
40.5962893224000
38.7964538352000
36.8966274876000
34.9968011400000
34.9968011400000
34.9968011400000
34.9968011400000
34.9968011400000
34.9968011400000
34.9968011400000
34.9968011400000
34.9968011400000
34.9968011400000
34.9968011400000
34.9968011400000
34.9968011400000
34.9968011400000
32.0970661884000
29.1973312368000
26.1976054248000
23.2978704732000
20.3981355216000
17.4984005700000
14.5986656184000
11.6989306668000
8.69920485480000
5.79946990320000
2.89973495160000
0
0
0
0
0
0
0
0
0
0
0
0
0
0
0
0
0
0
0
0
3.79965269520000
7.49931453000000
11.2989672252000
14.9986290600000
14.9986290600000
14.9986290600000
14.9986290600000
14.9986290600000
14.9986290600000
14.9986290600000
14.9986290600000
14.9986290600000
11.9989032480000
8.99917743600000
5.99945162400000
2.99972581200000
0
0
0
0
0
0
0
0
0
0
0
0
0
0
0
0
0
0
0
0
0
0
2.69975323080000
5.29951560120000
7.99926883200000
10.6990220628000
13.2987844332000
15.9985376640000
18.6982908948000
21.2980532652000
23.9978064960000
26.6975597268000
29.2973220972000
31.9970753280000
31.9970753280000
31.9970753280000
31.9970753280000
31.9970753280000
31.9970753280000
31.9970753280000
31.9970753280000
31.9970753280000
31.9970753280000
31.9970753280000
31.9970753280000
31.9970753280000
31.9970753280000
31.9970753280000
31.9970753280000
31.9970753280000
31.9970753280000
